0 14 1 11 0
0 14 1 10 0
0 14 1 10 0
0 14 0 23 1
0 14 1 10 0
0 14 1 10 0
0 14 0 23 1
0 14 1 27 0
0 14 0 24 1
0 14 1 27 0
0 14 1 27 0
0 14 0 3 1
0 14 1 27 0
0 14 0 24 1
0 14 0 18 1
0 14 1 6 0
0 14 0 3 1
0 14 1 6 0
0 14 0 18 1
0 14 1 28 0
0 14 0 18 1
0 14 1 21 0
0 14 1 28 0
0 14 0 26 1
0 14 1 21 0
0 14 0 19 1
0 14 1 21 0
0 14 0 26 1
0 14 1 13 0
0 14 0 20 1
0 14 1 13 0
0 14 0 19 1
0 14 0 26 1
0 14 0 20 1
0 14 1 2 0
0 14 0 26 1
0 14 1 16 0
0 14 0 8 1
0 14 0 8 1
0 14 1 15 0
0 14 0 8 1
0 14 1 1 0
0 14 0 22 1
0 14 1 4 0
0 14 0 17 1
0 14 1 15 0
0 14 0 22 1
0 14 1 1 0
0 14 0 17 1
0 14 1 4 0
0 14 0 29 1
0 14 1 12 0
0 14 0 29 1
0 14 1 15 0
0 14 0 7 1
0 14 1 12 0
0 14 0 30 1
0 14 0 11 1
0 14 0 7 1
0 14 0 11 1
0 14 1 9 0
0 14 0 9 1
0 14 1 5 0
0 14 0 5 1
0 14 1 7 0
0 14 0 25 1
0 14 1 25 0
0 14 0 25 1