0 27 1 11 0
0 27 1 10 0
0 27 0 23 1
0 27 1 6 0
0 27 0 23 1
0 27 1 6 0
0 27 1 21 0
0 27 0 14 1
0 27 1 28 0
0 27 1 21 0
0 27 0 14 1
0 27 1 13 0
0 27 0 14 1
0 27 1 13 0
0 27 0 14 1
0 27 1 13 0
0 27 0 3 1
0 27 1 16 0
0 27 0 24 1
0 27 1 2 0
0 27 0 3 1
0 27 1 15 0
0 27 1 1 0
0 27 0 24 1
0 27 1 2 0
0 27 0 24 1
0 27 1 15 0
0 27 0 18 1
0 27 1 4 0
0 27 1 1 0
0 27 0 24 1
0 27 0 18 1
0 27 1 12 0
0 27 0 18 1
0 27 1 12 0
0 27 0 19 1
0 27 1 25 0
0 27 0 19 1
0 27 0 19 1
0 27 1 25 0
0 27 0 20 1
0 27 1 7 0
0 27 0 26 1
0 27 1 5 0
0 27 0 20 1
0 27 1 9 0
0 27 0 26 1
0 27 1 7 0
0 27 0 8 1
0 27 1 11 0
0 27 0 26 1
0 27 1 5 0
0 27 0 22 1
0 27 1 7 0
0 27 0 8 1
0 27 1 9 0
0 27 0 17 1
0 27 1 29 0
0 27 0 8 1
0 27 1 11 0
0 27 0 22 1
0 27 0 17 1
0 27 1 29 0
0 27 0 30 1
0 27 1 11 0
0 27 0 30 1
0 27 0 29 1